queens_board = [
  [0, 0, 0, 0, 1, 1, 1, 1, 1, 1, 1],
  [0, 2, 2, 2, 1, 3, 3, 3, 3, 4, 1],
  [0, 0, 0, 2, 5, 5, 5, 3, 3, 4, 4],
  [0, 2, 2, 2, 5, 3, 3, 3, 3, 4, 4],
  [0, 2, 6, 6, 5, 5, 5, 7, 7, 7, 4],
  [0, 2, 2, 2, 8, 8, 5, 7, 9, 7, 4],
  [0, 0, 0, 0, 5, 5, 5, 7, 9, 7, 4],
  [0, 0, 10, 0, 0, 0, 0, 7, 9, 7, 4],
  [0, 0, 10, 10, 10, 0, 0, 7, 7, 7, 10],
  [0, 0, 0, 10, 10, 10, 10, 10, 10, 10, 10],
  [0, 0, 0, 0, 0, 0, 0, 0, 10, 10, 10],
]

solved_board = [(2, 4), (10, 0), (5, 5), (9, 3), (7, 10), (1, 1), (6, 8), (0, 9), (4, 2), (8, 7), (3, 6)]
