queens_board = [
  [0, 0, 0, 1, 1, 1, 1, 1, 1, 1, 1],
  [2, 2, 0, 1, 1, 1, 1, 1, 1, 1, 1],
  [0, 0, 0, 1, 1, 1, 1, 1, 1, 1, 1],
  [0, 1, 1, 1, 3, 3, 3, 1, 4, 4, 1],
  [0, 0, 0, 1, 3, 5, 3, 1, 1, 4, 1],
  [6, 6, 6, 1, 3, 5, 3, 4, 4, 4, 1],
  [6, 1, 1, 1, 3, 5, 3, 4, 7, 7, 7],
  [6, 1, 8, 8, 3, 3, 3, 4, 7, 9, 7],
  [6, 1, 8, 1, 10, 10, 4, 4, 7, 9, 7],
  [6, 1, 8, 1, 1, 10, 10, 4, 7, 9, 7],
  [1, 1, 1, 1, 1, 10, 4, 4, 7, 7, 7],
]

solved_board = [(0, 7), (5, 1), (7, 3), (8, 9), (2, 2), (1, 0), (4, 4), (3, 8), (6, 5), (9, 6), (10, 10)]
