queens_board = [
  [0, 0, 0, 0, 0, 1, 1, 2, 2, 3, 3],
  [0, 0, 0, 0, 0, 0, 1, 1, 2, 3, 3],
  [0, 0, 0, 0, 0, 0, 0, 2, 2, 4, 3],
  [0, 0, 0, 0, 0, 0, 0, 0, 5, 4, 4],
  [0, 0, 0, 0, 0, 0, 0, 0, 5, 5, 4],
  [6, 0, 0, 0, 0, 0, 0, 0, 0, 5, 5],
  [6, 6, 6, 0, 0, 0, 0, 0, 0, 0, 0],
  [7, 6, 6, 6, 0, 0, 0, 0, 0, 0, 0],
  [7, 7, 8, 9, 9, 0, 0, 0, 0, 0, 0],
  [10, 7, 8, 8, 9, 8, 0, 0, 0, 0, 0],
  [10, 10, 10, 8, 8, 8, 0, 0, 0, 0, 0],
]

solved_board = [(6, 2), (2, 7), (5, 4), (7, 0), (10, 1), (3, 10), (0, 6), (9, 5), (8, 3), (4, 8), (1, 9)]
