queens_board = [
  [0, 0, 0, 1, 1, 2, 2, 2, 2, 2, 2],
  [3, 3, 0, 0, 1, 2, 2, 2, 2, 2, 2],
  [4, 3, 5, 5, 1, 2, 2, 2, 2, 2, 2],
  [4, 3, 3, 5, 1, 2, 2, 2, 2, 2, 2],
  [4, 4, 4, 5, 5, 2, 2, 2, 2, 2, 2],
  [2, 2, 2, 2, 2, 2, 2, 2, 2, 2, 2],
  [2, 2, 2, 2, 2, 2, 6, 7, 7, 7, 7],
  [2, 2, 2, 2, 2, 2, 6, 6, 6, 7, 8],
  [2, 2, 2, 2, 2, 2, 9, 10, 6, 10, 8],
  [2, 2, 2, 2, 2, 2, 9, 10, 10, 10, 8],
  [2, 2, 2, 2, 2, 2, 9, 9, 9, 8, 8],
]

solved_board = [(4, 0), (2, 1), (0, 2), (10, 6), (9, 8), (5, 5), (7, 7), (6, 9), (8, 10), (1, 4), (3, 3)]
