queens_board = [
  [0, 1, 1, 1, 2, 2, 2, 2, 2, 2, 2],
  [0, 3, 3, 1, 1, 1, 2, 2, 2, 2, 2],
  [0, 3, 3, 1, 1, 2, 2, 2, 2, 2, 2],
  [0, 0, 0, 0, 2, 2, 2, 4, 4, 4, 4],
  [0, 5, 5, 6, 7, 7, 2, 2, 2, 4, 4],
  [0, 5, 5, 6, 7, 7, 7, 7, 7, 7, 4],
  [0, 5, 5, 6, 7, 7, 7, 7, 7, 7, 4],
  [0, 5, 5, 6, 7, 7, 8, 9, 7, 7, 4],
  [0, 5, 5, 6, 7, 7, 8, 9, 7, 7, 8],
  [10, 5, 5, 6, 7, 7, 8, 9, 7, 7, 8],
  [10, 10, 10, 6, 6, 8, 8, 8, 8, 8, 8],
]

solved_board = [(2, 1), (1, 5), (4, 9), (0, 8), (6, 2), (7, 7), (9, 0), (10, 4), (8, 10), (3, 3), (5, 6)]
