queens_board = [
  [0, 0, 1, 1, 1, 2, 3, 3, 3, 4, 4],
  [0, 2, 1, 2, 2, 2, 3, 4, 4, 4, 4],
  [0, 2, 1, 1, 1, 2, 3, 3, 3, 4, 4],
  [0, 2, 2, 2, 1, 2, 3, 4, 4, 4, 4],
  [5, 2, 1, 1, 1, 2, 3, 3, 3, 4, 4],
  [5, 2, 2, 2, 2, 2, 2, 2, 2, 2, 4],
  [5, 2, 6, 6, 6, 2, 7, 7, 7, 2, 4],
  [5, 5, 6, 8, 6, 9, 9, 7, 2, 2, 4],
  [5, 5, 6, 6, 6, 9, 10, 7, 2, 2, 4],
  [5, 5, 6, 10, 10, 9, 10, 7, 2, 2, 2],
  [5, 5, 6, 10, 10, 10, 10, 7, 2, 2, 2],
]

solved_board = [(0, 1), (4, 0), (3, 4), (9, 2), (7, 3), (6, 7), (10, 6), (2, 8), (8, 5), (1, 10), (5, 9)]
