queens_board = [
  [0, 0, 0, 0, 0, 0, 0, 0, 0, 0, 0],
  [0, 0, 0, 1, 1, 1, 1, 1, 0, 0, 0],
  [0, 0, 2, 1, 3, 3, 3, 1, 1, 0, 0],
  [0, 2, 2, 3, 3, 4, 3, 3, 1, 1, 0],
  [0, 2, 3, 3, 3, 4, 3, 3, 3, 1, 0],
  [0, 5, 3, 3, 3, 4, 4, 4, 3, 6, 0],
  [0, 5, 3, 3, 3, 3, 3, 3, 3, 6, 0],
  [0, 5, 5, 3, 3, 3, 3, 3, 7, 6, 0],
  [8, 8, 5, 5, 3, 3, 3, 7, 7, 0, 0],
  [8, 8, 8, 5, 9, 9, 9, 9, 0, 0, 0],
  [8, 8, 8, 8, 8, 10, 10, 9, 0, 0, 0],
]

solved_board = [(0, 10), (4, 3), (6, 1), (8, 0), (1, 7), (10, 6), (7, 8), (2, 2), (5, 9), (3, 5), (9, 4)]
