queens_board = [
  [0, 0, 1, 2, 3, 3, 3, 4, 5, 4, 3],
  [0, 0, 1, 2, 2, 3, 3, 4, 5, 4, 3],
  [1, 0, 1, 2, 6, 6, 3, 4, 5, 4, 3],
  [1, 0, 1, 2, 6, 6, 3, 4, 4, 4, 3],
  [1, 1, 1, 2, 6, 6, 3, 3, 4, 3, 3],
  [2, 2, 2, 2, 6, 3, 3, 3, 3, 3, 3],
  [2, 7, 6, 6, 6, 6, 6, 3, 8, 8, 8],
  [2, 7, 7, 7, 6, 3, 3, 3, 8, 9, 9],
  [2, 7, 10, 7, 6, 3, 3, 3, 8, 8, 9],
  [2, 7, 10, 7, 6, 3, 3, 3, 8, 9, 9],
  [2, 7, 10, 7, 6, 6, 3, 3, 8, 8, 8],
]

solved_board = [(10, 5), (4, 0), (2, 1), (3, 7), (9, 2), (7, 3), (0, 8), (8, 10), (1, 4), (5, 6), (6, 9)]
