queens_board = [
  [0, 0, 0, 1, 1, 1, 1, 2, 2, 2, 1],
  [1, 0, 3, 3, 3, 1, 1, 1, 2, 1, 1],
  [1, 0, 4, 3, 5, 5, 5, 1, 2, 1, 1],
  [1, 1, 4, 3, 1, 5, 6, 1, 1, 1, 1],
  [1, 4, 4, 4, 1, 5, 6, 6, 6, 7, 1],
  [1, 1, 1, 1, 1, 1, 6, 7, 7, 7, 1],
  [1, 1, 1, 1, 1, 1, 1, 1, 1, 7, 1],
  [1, 1, 1, 1, 8, 1, 8, 1, 1, 1, 1],
  [1, 1, 1, 9, 8, 8, 8, 1, 1, 10, 1],
  [1, 1, 1, 9, 8, 1, 8, 1, 1, 10, 1],
  [1, 1, 9, 9, 9, 1, 1, 1, 10, 10, 10],
]

solved_board = [(7, 4), (1, 2), (9, 3), (0, 0), (6, 9), (8, 7), (10, 10), (5, 6), (4, 1), (3, 5), (2, 8)]
