queens_board = [
  [0, 0, 0, 0, 0, 1, 1, 1, 2, 2, 2],
  [0, 0, 0, 0, 0, 1, 3, 1, 2, 4, 2],
  [0, 0, 5, 5, 5, 1, 3, 1, 4, 4, 2],
  [0, 0, 0, 0, 5, 1, 3, 1, 4, 2, 2],
  [0, 0, 5, 5, 5, 1, 1, 1, 2, 2, 2],
  [0, 0, 5, 6, 6, 6, 7, 8, 7, 2, 2],
  [0, 0, 5, 5, 5, 6, 7, 8, 7, 2, 2],
  [0, 0, 0, 6, 6, 6, 7, 7, 7, 2, 0],
  [0, 9, 0, 6, 10, 10, 10, 10, 7, 2, 0],
  [9, 9, 0, 6, 6, 6, 10, 10, 7, 2, 0],
  [9, 0, 0, 0, 0, 0, 0, 0, 0, 0, 0],
]

solved_board = [(6, 7), (10, 0), (9, 8), (0, 5), (2, 2), (1, 9), (4, 10), (7, 1), (8, 4), (3, 6), (5, 3)]
